-1.143262
-1.165962
-1.202672
-1.254163
-1.321621
-1.405938
-1.507490
-1.625315
-0.954288
-1.060698
-1.194253
-1.358456
-1.551716
-1.763706
-1.117179
-1.333420
-1.595867
-1.004154
-1.247555
-1.565473
-1.914129
-1.431718
-1.631928
-1.325267
-1.545083
-1.786015
-1.488971
-1.762639
-1.466514
-1.778912
-1.483372
-1.843580
-1.550651
-1.967081
-1.688428
-1.361945
-1.923166
-1.603658
-1.405953
-1.781628
-1.611524
-1.422664
-1.924713
-1.769981
-1.578320
-1.344782
-1.883737
-1.804222
-1.714249
-1.609832
-1.484465
-2.286121
-1.944862
-1.936075
-1.937127
-1.953980
-1.998903
-1.782056
-1.806462
-1.856869
-1.955929
-1.797153
-1.876890
-2.012177
-1.876586
-1.996595
-2.178887
-2.447344
-2.187113
-2.405555
-1.725255
-1.897170
-2.180118
-2.071798
-2.329866
-1.937454
-1.952217
-2.320184
-2.214752
-1.899090
-1.969107
-2.331706
-2.270990
-2.107678
-2.137759
-2.516933
-2.016306
-2.467218
-1.911119
-2.458724
-2.428283
-2.523917
-2.486408
-2.034620
-2.617983
-2.114603
-2.261022
-2.319637
-2.434604
-2.052905
-2.717132
-2.320206
-2.461362
-2.807062
-2.792267
-2.532194
-2.196380
-2.423816
-2.816554
-2.849323
-2.674499
-2.440218
-2.634663
-2.478215
-2.291223
-3.067078
-3.008850
-2.935051
-2.832866
-2.972838
-2.941871
-2.912026
-3.029320
-3.044811
-3.078284
-3.140381
3.033116
-2.699725
-2.720364
-2.760242
-2.830147
-2.949225
3.138017
-2.692884
-2.779372
-2.905878
-3.087028
2.951772
-2.654726
-3.033567
3.070598
-2.820328
-3.021004
3.011102
-2.834265
-3.125750
2.812671
-2.997660
2.863875
-2.906582
3.008428
-3.014316
2.985172
-3.042626
2.922883
-3.115569
2.820426
3.045290
-3.004751
2.876173
3.086747
-2.986253
2.846921
3.028997
-3.072678
2.728460
2.869316
3.011968
-3.134089
2.635906
2.727607
2.816752
2.900229
2.975402
3.040354
3.093901
3.135488
-3.118221
2.580265
2.586600
2.584509
2.574138
2.555871
3.095576
3.044608
2.983314
2.912654
2.834065
2.749507
2.661348
2.572112
2.484222
2.881721
2.742922
2.608420
2.483029
2.845471
2.666246
2.503109
2.854856
2.636797
2.446599
2.757577
2.514680
2.318432
2.554150
2.318957
2.553230
2.284438
2.500764
2.211227
2.724721
2.486358
2.630040
2.383180
2.495454
2.637968
2.328111
2.420033
2.539341
2.182048
2.224829
2.661897
2.350814
2.383158
2.415937
2.448892
2.481612
2.063448
2.426225
2.420028
2.402828
2.369974
2.314230
2.296840
2.244576
2.176052
2.088472
1.979817
2.281176
2.183606
2.064664
2.313965
2.204895
2.076336
1.931296
2.475490
2.298485
2.081532
2.321554
2.133613
1.927191
2.140847
2.206489
2.375234
2.149504
1.908976
2.088104
2.072268
2.227645
1.975959
2.373366
2.066443
2.180091
2.149553
2.240214
1.944877
2.280050
1.931272
2.029983
1.879096
1.984808
2.264051
1.901898
2.178501
1.776543
2.032544
2.059734
1.818457
1.890040
2.108802
2.088022
1.848910
1.879643
2.040275
2.011933
1.751450
1.889615
1.876261
1.994407
2.135370
1.647916
1.717890
1.717865
1.772310
1.833695
1.903960
1.827518
1.868973
1.912341
1.820670
1.837716
1.850919
1.858822
1.756605
1.741007
1.715223
1.676298
1.620344
1.552855
1.871624
1.823865
1.759711
1.675339
1.566904
1.836008
1.756980
1.659886
1.543495
1.841869
1.712717
1.555967
1.876164
1.655766
1.518517
1.737005
1.581848
1.410539
1.625602
1.431481
1.645013
1.426825
1.635646
1.392620
1.593286
1.326655
1.514484
1.704300
1.398386
1.573862
1.354004
1.458951
1.561935
1.660278
1.411534
1.497148
1.578369
1.313665
1.379628
1.441574
1.498602
1.550054
1.595509
1.296257
1.327751
1.353931
1.374555
1.389470
1.398593
1.401916
1.399411
